0.16907677395488774
0.06984946100023981
0.6842744533666706
0.6817436383377693
0.10556310174847372
0.28153422061853617
0.09775458998233533
0.33092559404670985
0.9516601904033923
0.26539522031681584
0.7202993187849757
0.9885922209022435
0.0863844274709753
0.6863188741522636
0.13633407581817447
0.5072053660348498
0.5910858736459048
0.08301969668188658
0.8831714178276482
0.30673329764451074
0.8715129587211288
0.10743547426932609
0.3769606676956506
0.4675257802229288
0.10759464559867038
0.6320091809698687
0.7562751805577911
0.32799292074933917
0.0049700582834720786
0.013584128322949751
0.10027712777891729
0.33138085141285556
0.38967776902604934
0.37783463064353595
0.373907435603279
0.3942577474186977
0.16104997022376544
0.5195995299746262
0.7543059312981508
0.25389425346674965
0.997739292136623
0.9021814647367895
0.7006750787758437
0.09254203666509109
0.9979394835319219
0.28261968060122133
0.2440581398672258
0.2336854599581415
0.12724310525250737
0.6901400358421871
0.4940105028338543
0.8586606725278627
0.9462129703529846
0.8414307390442842
0.2859007846072603
0.5016074822585344
0.5946263484372577
0.5890878689739552
0.225586063127048
0.5465393790203168
0.4204841713332753
0.6685197619871832
0.12746354393861248
0.07238728282285845
0.9592599335245273
0.8337952824431403
0.98740852976121
0.17019326603848395
0.19249601492716495
0.4543657002618279
0.1838664732046782
0.2912003772963153
0.1447378864880864
0.7822851453395003
0.5583751213960255
0.2754053111236363
0.9139295824212699
0.39350086785602023
0.39104960824297463
0.45721085966833497
0.17277641515639686
0.7569784240096918
0.05707219797397345
0.6481355363297642
0.027213766291846686
0.49187347989119257
0.32698582008724797
0.8561077605991145
0.8730041176397061
0.6356565925013198
0.8565977083045829
0.3166926415503154
0.5526163238702546
0.16504263442596634
0.40155855502937643
0.7836695170368457
0.6819246909582716
0.08677219428395933
0.6871890882001133
0.054698890808310696
0.48989828371419253
0.6467372358755439
0.6658849506057145
0.39238733659122804
0.8943329666438119
0.5936388164812287
0.10243736981085072
0.8418798713031053
0.8228123843078374
0.9773098698239171
0.04186626721045561
0.4431789293075725
0.9804661319916956
0.6620315925616692
0.734868981789246
0.9897100185754583
0.36472700329969
0.5916168662485831
0.022746535682590108
0.29422387459483046
0.8321708370760958
0.8557298299986388
0.016676678933919775
0.8889455946394044
0.9336568902006085
0.7758560154201689
0.14546083157781475
0.708951760675725
0.05136772583065263
0.5545324839662032
0.2913803433352806
0.5860759304862039
0.5949818999805117
0.5128929872321398
0.78555418823068
0.31521452077451373
0.644094635199257
0.5792783343515534
0.4921995054557171
0.6457243441373836
0.96013486912288
0.4856077170573171
0.07545273068168223
0.7976738575413992
0.7334096504822115
0.07840154989802783
0.8129182750120424
0.006030298160783487
0.7795400476423744
0.2577922186683119
0.9968680202228493
0.15543555990872637
0.1544351193213468
0.32055428069243286
0.047024403433283735
0.7840433957133381
0.31808335528456855
0.9021307073389919
0.9481159755696859
0.6069613878111468
0.04482431163825085
0.2878274321973171
0.5209034732353003
0.23816109939947272
0.25139533152073457
0.5947936799286024
0.33713157647986647
0.9742902321073407
0.7939313883849365
0.21410068834718599
0.7968693921929367
0.34464104768032533
0.07122877026299335
0.9461769170220429
9.60663672478046E-4
0.628599441202314
0.9639664632786484
0.4630532721854419
0.5718126868400972
0.6952193688349353
0.2382113650203853
0.08731674845411952
0.5025099738129724
0.3291379099491525
0.04641668115045916
0.3903666680232245
0.44724775082670476
0.6728661428800922
0.5702555118833682
0.7815128825673988
0.6053367755716984
0.5375617999775084
0.16701462769277609
0.08465029440804073
0.49654011797983744
0.11270937419708327
0.604905782321809
0.08068998406929129
0.4772592678729136
0.03970450937944359
0.10253543381966312
0.13162179146761188
0.80509535518226
0.9051586923272577
0.9239058332043703
0.2960292784862494
0.4235690839904025
0.9568119173620965
0.22270371806174993
0.796072755454635
0.4092904139476453
0.24825991271664694
0.6782656907074476
0.3024014351359321
0.2006270849583459
0.47827412691702653
0.22049157374743344
0.26615156170614596
0.30992908795976837
0.5063118909383981
0.8021108551465956
0.4461319097576747
0.2106235549855675
0.8978852303046019
0.7440890349647921
0.8544941311949202
0.48600260171948084
0.8817768394261618
0.653594379465438
0.5756301253819848
0.12828451133302554
0.7856619255225131
0.29382802689024135
0.30073427443602063
0.08453650818017311
0.35751526457570937
0.07115307784234959
0.9644136800299841
0.7603047272526142
0.37725269482129453
0.9973413611382187
0.5699245647834746
0.21230547930907495
0.616376998721726
0.08338938222836245
0.1460587586578418
0.18828926240353006
0.5129683361830313
0.12623758055225243
0.7913991141098707
0.005196802376653764
0.8951792687802159
0.760859846814388
0.9306081242016321
0.4959845240273607
0.7084655364743924
0.46757343015853936
0.23260956798230392
0.9010042031643636
0.980103328217532
0.9480516021743679
0.12196779808243818
0.6315800050976399
0.18911440385003886
0.9134047810541273
0.4524653580513339
0.29143301005867994
0.800540825104463
0.8638282284690276
0.7058239018846822
0.20586226661741058
0.9700812979402591
0.8816975380816674
0.028709849141353105
0.9790980641548384
0.32842106783794367
0.8086258502679431
0.5276106141053107
0.2770020346090557
0.31415843419242395
0.43187944001922085
0.5038630238782532
0.11529545639343353
0.7400504432452045
0.46668119804607555
0.7300607360385577
0.42275595661819965
0.1493710868100533
0.1883145141050795
0.4442626478165952
0.5443295788096862
0.047495469027894144
0.5415725506711958
0.46987000695842873
0.6508641490462584
0.2783939784177969
0.4349809669662189
0.7567346100562337
0.7301764591598261
0.6565403254790587
0.7133549090575809
0.6830064614979527
0.9484247299561543
0.46180809067805173
0.9946338937907312
0.657424047034474
0.6912648287514914
0.558250564497346
0.15557073998549753
0.9181959917390872
0.5210267890407394
0.7072288804904915
0.7557342658156891
0.937318205254035
0.6191562131175634
0.11117386318306399
0.1004173049857291
0.5081154888687082
0.022422683924637754
0.34633742657287414
0.9604252128923426
0.4189926729846353
0.10690501107259587
0.6212093188747817
0.19035223366362675
0.5978247641674762
0.3255214199628568
0.7318457071212396
0.6168367855286144
0.7491117653351245
0.16288011256157708
0.17617639878026492
0.6044180359869751
0.7999683634166865
0.6354838015412007
0.6364270937636093
0.6490008315689866
0.9212146852833963
0.4358292518081852
0.44211488459824066
0.19756725016505483
0.49627891407415126
0.9957011343935773
0.6856434934732965
0.6476567472286512
0.1733186548429364
0.3269670873787299
0.37834706684581354
0.14126943473325704
0.05491266481880508
0.4874382786999427
0.4069002758100043
0.33522977489491834
0.15486994604924742
0.9148686899566774
0.07833326851770894
0.8036809489619888
0.48314899837611325
0.673922616413135
0.7264604395065641
0.10826276387494893
0.5075745349362267
0.868949317685245
0.19335216885900197
0.8576590505791901
0.2849850317093906
0.08966003805214673
0.9965488502956827
0.2705829100406121
0.25463934543864153
0.7773118394979968
0.6460371037350554
0.8549015454978472
0.5431561978700177
0.8257592069362852
0.8845782796660349
0.8204845619128879
0.6429553072018777
0.5647432301873088
0.590799507906521
0.754493078953566
0.49511469100146643
0.5120454221646038
0.706528188200781
0.9052093334651347
0.33275363381936107
0.9266411027498638
0.828170817254159
0.14413947410694328
0.12249637821747672
0.2467452861609919
0.03650755850474863
0.3060050209695725
0.07926649332476454
0.9546516943084643
0.1300941527235221
0.14237131927451052
0.5236079480905871
0.27452328202246856
0.674533160957615
0.5670440947797264
0.30092326139256187
0.37980059152429024
0.18319685816509956
0.2199979490726658
0.08846524964865055
0.46365193587764497
0.30455429652900756
0.6314835837481448
0.17861376004203966
0.10889736592972732
0.10707537030216097
0.42909328140868874
0.7459141222289599
0.8830961852051619
0.4247554371457636
0.0979470710180741
0.18054957544078165
0.9799952784360252
0.7546234110455065
0.7777945587457085
0.8023649904625783
0.030293844385904656
0.382167904704813
0.460710596536662
0.1572547607451884
0.9126875289197157
0.25143491333213974
0.7391954332239756
0.14167262159604999
0.5104129449009958
0.5936219421666994
0.9468731030719848
0.4012172634432054
0.8790212026914672
0.48131308048900356
0.132614347207762
0.8056918947399908
0.21786740186510878
0.2850703401749467
0.8137932732355346
0.3157321372676648
0.3708099650682142
0.4749163868017633
0.8655199394128814
0.22504135923134327
0.3208723431006527
0.3313147863717706
0.22007353585349287
0.5874680346076054
0.2891271401399761
0.9085731949612631
0.2743940482045447
0.6196053497424121
0.5998200979569517
0.028166510637274822
0.03337269430765677
0.007287912826104637
0.43176011319349394
0.17029602903563779
0.05281442220015431
0.3383063086635919
0.9402582640363549
0.879072073047667
0.18832869279682074
0.3338555621706991
0.004407387410296892
0.7000268880680603
0.005037478798750827
0.15767819515161285
0.031251154505209766
0.7282358752302125
0.4578720269157456
0.8445589259378277
0.8313996142809362
0.561144646398691
0.11336310901300917
0.808772474908025
0.5699057535789851
0.8222703685703335
0.7512119776041912
0.46828163431285974
0.19172581659428867
0.4502659183602261
0.6575623386120756
0.251928069268644
0.5228434158042558
0.6324054579921846
0.3017761376102408
0.6445537747012077
0.4561459371791553
0.6023708134252225
0.37464919575062794
0.46893591575307425
0.245398712398316
0.5192881269221737
0.35838494013381617
0.3036135807424054
0.9511712228296978
0.298284341056407
0.8972781687871594
0.7921302562625111
0.5093264889057795
0.5724038194096676
0.24294235169860712
0.6119107573488488
0.7256933456239407
0.9315453756258862
0.9590483734988688
0.03993710390925864
0.7397985746858361
0.20615046345331445
0.8879237311131573
0.3775830122023702
0.1460438977267534
0.8416936947853046
0.10499558242815832
0.9784116693900428
0.012471111631975673
0.3445966640566456
0.21694253065939184
0.2604372188555002
0.4952651395347951
0.3710071283127374
0.8955537645593442
0.8782956672731304
0.6114042630128155
0.27695524063403043
0.9816766998082972
0.1809657313387244
0.0023734658914864593
0.8517192786643023
0.8422667590693607
0.1871260521433361
0.1986148004492615
0.5158033169156807
0.9184362962376845
0.5729301471385174
0.9773969545172282
0.48074978320105033
0.5635320219237047
0.5859261124255108
0.8960435906869647
0.24008026463265086
0.33765341032090623
0.37404283728178733
0.9779678876882237
0.2889777804847974
0.8986571212154639
0.9500104792811688
0.830718711147298
0.15489471658110765
0.5095756619922994
0.8992779517956445
0.1832517081666758
0.662090230238489
0.9685106145448754
0.9834350603552398
0.9438956571222711
0.8501718832915927
0.45944471143435106
0.9913432400076696
0.40099382940693473
0.1200361144432106
0.4210483643168643
0.5466231949972786
0.1149558538843487
0.9901725602659048
0.035440722117392354
0.09284349243534318
0.3834652469503079
0.3121179083971155
0.34999652937323933
0.9466995250218584
0.900844660905106
0.9159147545335207
0.3626742548897218
0.13466733861058366
0.37808830397788307
0.4347514758682507
0.6249726837177676
0.7100624231470631
0.4418303124216856
0.49252965276630634
0.046506777518123155
0.38512839385257003
0.08852386340787843
0.5289256058032015
0.6213260101781594
0.6067265998356766
0.3343648250827984
0.2835827628458937
0.7384810672110018
0.6543919603435734
0.47200133636442143
0.36439269490082205
0.5879781762253798
0.9459667977332091
0.5218280859452324
0.38439164564866735
0.9281425936665582
0.49871868530290786
0.048672424523496294
0.8676213539287163
0.14154574293677114
0.4127942912849042
0.5039367997531251
0.49637147872466836
0.07403352525667084
0.3190564486689502
0.6487701975263158
0.30054282207134997
0.6250257217739801
0.9647967803509041
0.4155988456692894
0.0744398313824598
0.4371399467000072
0.4985114733024043
0.7733543555152786
0.6471217213182954
0.31932522701972543
0.5588736412708754
0.7759950576669771
0.6295115277778092
0.23007445982625851
0.9732302057922435
0.9944245736542469
0.9147830277309102
0.7459168012914945
0.7273973104617861
0.9586690458065933
0.5181153574978442
0.9452743758054054
0.881223072636215
0.070182354005214
0.3077261715755636
0.5489002800198176
0.273332115799627
0.6834067075272976
0.80116342828215
0.975497677894491
0.18366133950237462
0.7012233188759999
0.4791575545658413
0.6947528095621145
0.6038419939704391
0.08068642615761679
0.003904644700982285
0.889897298351936
0.40317833480572773
0.10344076589181217
0.3194728506872613
0.9780479816973059
0.4719181929746038
0.12948146421397055
0.8590936066209641
0.9789555085922604
0.8737065260767652
0.8234220836291886
0.9874201925824171
0.07142552780883327
0.14555819680408189
0.5191955263394967
0.36540598659534795
0.9315592270015699
0.1463811813647502
0.4721189002192202
0.14127557271717495
0.6080927366669552
0.2740272620491997
0.23651293239685056
0.7431317321632732
0.7574978125186704
0.44604235002170023
0.30257254140682877
0.5770617922738426
0.03513883795228645
0.970733602288995
0.4279446363376844
0.11917745766890664
0.3186643793701682
0.322866349595341
0.8074758269351919
0.7308419517158088
0.22594365699248142
0.8822487217804266
0.33885115138287325
0.02340909591341367
0.08224205950338892
0.8936575767555611
0.7623526103787347
0.7521191065422137
0.08996171579880041
0.2630039268498827
0.37972393751115874
0.028366107195421653
0.959156389666502
0.31733253678779894
0.3901362328548129
0.10537289591263455
0.6681631082262042
0.3251943600400974
0.6205062745373723
0.11437856192208362
0.3410748697000763
0.3991268723249921
0.5729280796706694
0.9067649092213789
0.4524124212012617
0.3834219206920385
0.2637348862052674
0.5921182974888559
0.6992354426841563
0.46805669725565036
0.2867177009084324
0.45304338223453156
0.9170666498619061
0.5636079923317808
0.8972836589510883
0.6646154581595176
0.3583845635254761
0.9221658136918061
0.6848454391355756
0.649679278441992
0.5010740267538377
0.09570764601573412
0.577490758015807
0.9607714323800289
0.3091064948701918
0.08608955914086136
0.5059891071999983
0.2952642950835821
0.528854064727094
0.4597562623559803
0.043450059879062475
0.6223999209408527
0.1718250557202925
0.2754670033261143
0.7324558753639812
0.42920230560907935
0.8082411136571976
0.9047799061029626
0.6132486730793107
0.7768267704417241
0.6757588134385613
0.2127324131633378
0.6745603668437915
0.19972575405731385
0.8937717231838228
0.11010082069037541
0.5629312056228997
0.47708041723220196
0.2661112201917255
0.1888174743701967
0.9068706947039018
0.9592677755067023
0.2535977912164229
0.008569071145693719
0.038972603200641553
0.4417036433372128
0.7027768409788627
0.6152952552710997
0.7321032827104014
0.5442215506317805
0.8283062150828555
0.0412517400240926
0.8050404622837555
0.1762184522880169
0.7638450476348303
0.8614974683294984
0.0984478380141145
0.9461183167186166
0.719926838805933
0.3631109804406779
0.37382788980911397
0.3082748185218732
0.41718215459243035
0.521136007519649
0.14610384725923076
0.8312548055661886
0.999409227119418
0.7692019806814921
0.3247389385633358
0.2185147382912206
0.07337351235411271
0.5029602500146244
0.8088096883164756
0.6158018211992523
0.8708502906763925
0.36092225622692353
0.8582067735542445
0.2991831180566149
0.7833067654249222
0.5899811226543333
0.14614566218140246
0.053424988590102473
0.6807535240295175
0.2218434354266926
0.8874267549414285
0.42251628010372877
0.49367736597440026
0.3617933993185911
0.33239222350135056
0.5424489169281772
0.5106010985251488
0.6226567981978508
0.21828525591609615
0.45093947979762106
0.7236977511448254
0.6245273712300325
0.47772460251293836
0.6095961141087123
0.341020458309918
0.5247639202494819
0.6182654250759007
0.8711050561301911
0.27629137213104715
0.7429611551462355
0.7075251937111873
0.27733184382533094
0.025826117699360607
0.4020434512375404
0.8251113449842818
0.883801872366544
0.8470529158940737
0.5193249230268732
0.17559477737227402
0.27184617998138993
0.5642184645693905
0.6503256103215165
0.7960317443059343
0.5317677355014102
0.6442556915668324
0.5133281765742368
0.9370439119981021
0.2787045615636763
0.40942036487775446
0.10410512205255962
0.7482244097341435
0.6974358611132763
0.38318790239387057
0.9479415961021042
0.8566457649703694
0.7031979462310817
0.8020329929966525
0.43002461564900185
0.7915027605754064
0.05264669234775898
0.2680985293942587
0.5954643710644582
0.9784318014387079
0.6424240669275271
0.3663924205711371
0.41665889021394975
0.20380572475649428
0.29235622157426966
0.8250345103365596
0.2884084895449688
0.032311010134703944
0.02613082271653777
0.45820754666887176
0.43013191248869365
0.650372014040928
0.23437227990969045
0.6988501115784783
0.9497311846113826
0.0034947343368891826
0.13335301757409845
0.0017612968166302867
0.5550975829959516
0.8973604513100835
0.6171497866909167
0.7776701689094776
0.28694673916425406
0.94050754080935
0.9418741116365398
0.804956023866409
0.19061541446038144
0.820697067716285
0.6776764017382477
0.2580878192774908
0.5446489589428702
0.42756614278498084
0.017543520637250398
0.5904842708767282
0.12045253833998726
0.7609307194206572
0.8414796991513485
0.5143787795176267
0.9599755674718682
0.3971069066735776
0.9004814782062553
0.23140640264670365
0.3273433249168858
0.5248782322957305
0.10678723842453886
0.8850125778971621
0.8155456612480418
0.20824377230128177
0.19520222773445328
0.9294161692309161
0.07073753359215762
0.5848401015992575
0.9548707037771992
0.7397427126383296
0.2344016503141917
0.1669374218353752
0.8216867016597833
0.32407553670930367
0.9975687929233119
0.276168626717163
0.8686052863203707
0.4405565232128058
0.11148678526661271
0.9136573111341001
0.13443668422291388
0.7712999155953351
0.30557405137760674
0.043969053496667576
0.7912758599349495
0.05976615997354284
0.826189598985523
0.35431751043421156
0.8665405501166987
0.2793752786188761
0.22869579088917147
0.03971541800299638
0.10766067099713927
0.9685220116125517
0.6304865205972242
0.06026766264213357
0.10578296995776326
0.840788112002495
0.3640978155565301
0.6185620442003188
0.979424443003847
0.6590296258329925
0.8572138185939409
0.31312055003381034
0.7598290251817557
0.14814977392400674
0.6103262064027934
0.5381323223351083
0.11685157898078313
0.4137516391863755
0.34300025727999883
0.22019712314370476
0.2175144154854688
0.9324961670310957
0.7361464557007952
0.9095655342580532
0.3189510423509879
0.6848756993091606
0.7103915564150681
0.5763706689125537
0.16327284961787858
0.41224421674443257
0.8495882153232492
0.20160337481444746
0.36396411323660405
0.29732978375085084
0.4036981499818355
0.3980909793249118
0.7517318183555667
0.5910864272935742
0.2867286055649765
0.8484973453211263
0.08230607188039507
0.8386261892005127
0.6230971774866411
0.3053700560450594
0.5995082055430228
0.39310452293432163
0.6897458839757269
0.2625179306523976
0.6939733414359579
0.8488152302253673
0.5515201813687028
0.17751039854682604
0.30123471996645657
0.873383677259826
0.2937740257698753
0.30184741395586623
0.7424472535718373
0.6738302715056751
0.5188577344991071
0.7583573441906759
0.42684862629335596
0.9924085094174693
0.6920900973079028
0.49463693504679984
0.20712548485075044
0.09550500601968626
0.9980122105748659
0.1368564257872208
0.20717392920977606
0.6925219105595544
0.5991652200851001
0.5700095794467053
0.6263126775064197
